11 WHITE 64;55014765;3450;0
11 BLACK 64;55014752;345000;000
11 BLACK 64;55014764;3450;000
11 WHITE 128;55014771;3800;000
11 WHITE 128;55014755;3800;000
11 WHITE 128;55005294;3800;000
11 WHITE 256;55014777;4000;000
11 BLACK 128;55014770;3800;000
11 RED 128;55014772;3650;0
12 WHITE 64;55014525;4050;0
12 BLACK 64;55014524;4050;0
12 WHITE 128;55029406;4450;0
12 BLACK 128;55029405;4450;0
12 BLACK 256;55029410;4650;0
12 PRO BLACK 128;55014543;6200;0
12 PRO MAX AZUL 128;55014510;6500;0
12 PRO MAX BLACK 128;55014507;6500;0
12 PRO MAX BLACK 256;55014511;7200;600
13 PRETO 128;55033589;5050;0
13 BRANCO 128;55033590;5050;0
13 AZUL 128;55033593;5050;0
13 ROSA 128;55033591;5050;0
PS5 COM JOGO 1;1001307454;5500;0
PS5 COM JOGO 2;1001309014;5500;0
PS5;55033232;5500;0
